   0.0000000e+00   2.9470000e+02   2.0350000e+02   1.7250000e+02   1.8540000e+02   1.4690000e+02   2.5190000e+02   4.4100000e+01   2.6390000e+02
   2.9470000e+02   0.0000000e+00   2.2510000e+02   2.3420000e+02   3.4910000e+02   1.7450000e+02   1.1540000e+02   2.6950000e+02   4.0350000e+02
   2.0350000e+02   2.2510000e+02   0.0000000e+00   3.1300000e+01   1.2560000e+02   9.3200000e+01   1.2450000e+02   1.6720000e+02   1.8020000e+02
   1.7250000e+02   2.3420000e+02   3.1300000e+01   0.0000000e+00   1.5740000e+02   6.2100000e+01   1.3240000e+02   1.3690000e+02   2.1200000e+02
   1.8540000e+02   3.4910000e+02   1.2560000e+02   1.5740000e+02   0.0000000e+00   2.1880000e+02   2.4770000e+02   1.6520000e+02   5.5600000e+01
   1.4690000e+02   1.7450000e+02   9.3200000e+01   6.2100000e+01   2.1880000e+02   0.0000000e+00   1.0560000e+02   1.1120000e+02   2.7390000e+02
   2.5190000e+02   1.1540000e+02   1.2450000e+02   1.3240000e+02   2.4770000e+02   1.0560000e+02   0.0000000e+00   2.1630000e+02   3.0240000e+02
   4.4100000e+01   2.6950000e+02   1.6720000e+02   1.3690000e+02   1.6520000e+02   1.1120000e+02   2.1630000e+02   0.0000000e+00   2.2050000e+02
   2.6390000e+02   4.0350000e+02   1.8020000e+02   2.1200000e+02   5.5600000e+01   2.7390000e+02   3.0240000e+02   2.2050000e+02   0.0000000e+00
